Generated data with mu_initial = 0.1, eta = 0.5, alpha = 0.4, tau0 = 0.05, m = 5.0, M = 5
1.0273289199103737
41.840656172321815
41.86873657872993
41.9586934922689
42.10143127157678
73.49543244221393
97.90960449478608
99.2327857628668
102.86000818104259
104.05865326374315
136.4325384997868
136.46321241661624
138.0667148210572
138.07962703252025
167.25266247071409
179.3256104109091
184.54065075681865
207.87482689367604
216.56131112159366
217.03489958039984
217.03559743947775
231.69301444092142
231.74964361912578
250.74334877181187
258.87796234905153
258.8868481689239
258.8975630707246
259.71542609747456
265.0308469401679
280.36748034840866
300.59668265043206
300.59996266358576
309.0833181571454
319.3238115057915
324.4133752098472
324.65486181642007
325.1339518676746
340.92441926093835
341.23244899813176
344.01965262263263
346.08444639077004
347.34102029298646
347.36805581886705
362.90568669701804
366.8074939233736
367.67827046849584
367.8428252365963
370.174081658515
375.73449889296415
392.85945171707544
392.87589838233936
392.9763708939114
398.498889797063
429.30942723757187
447.49415006490403
451.79796435849744
459.91167590404507
481.8550483904766
493.93706911040584
