Generated data with mu_initial = 0.1, eta = 0.5, alpha = 0.4, tau0 = 0.05, m = 5.0, M = 5
1.0273289199103737
41.840656172321815
41.86873657872993
41.9586934922689
42.10143127157678
73.49543244221393
97.90960449478608
99.2327857628668
102.86000818104259
104.05865326374315
136.4325384997868
136.46321241661624
138.0667148210572
138.07962703252025
167.25266247071409
179.3256104109091
184.54065075681865
207.87482689367604
216.56131112159366
217.03489958039984
217.03559743947775
231.69301444092142
231.74964361912578
250.74334877181187
258.87796234905153
258.8868481689239
258.8975630707246
259.71542609747456
265.0308469401679
280.36748034840866
300.59668265043206
300.59996266358576
309.0833181571454
319.3238115057915
324.4133752098472
324.65486181642007
325.1339518676746
340.92441926093835
341.23244899813176
344.01965262263263
346.08444639077004
347.34102029298646
347.36805581886705
362.90568669701804
366.8074939233736
367.67827046849584
367.8428252365963
370.174081658515
375.73449889296415
392.85945171707544
392.87589838233936
392.9763708939114
398.498889797063
429.30942723757187
447.49415006490403
451.79796435849744
459.91167590404507
481.8550483904766
493.93706911040584
501.84484267242175
501.9456783976843
502.1159801690358
503.7212734210487
513.0316962493068
520.6404858393433
520.7344679024166
540.0378222846325
544.4741090680825
544.4783117257236
544.6194509937307
546.9183855490218
564.8808529221086
566.4394644485278
568.4513894006127
581.0670063205453
602.9855750492763
613.3434860493641
640.015295619205
640.1042718118896
640.5426084311775
699.5118733385394
699.5483345364161
703.8920515476271
716.4379667290256
719.0116423057171
720.6918683063335
720.707977383856
735.7337211463575
738.7898615578536
739.6099830492799
746.1906201113309
759.0105842954983
786.364491296071
788.7114463111324
788.8402653016136
789.4335772618904
789.4368015000261
806.5164702368905
815.2524154936063
815.3534086911461
815.9465076983614
821.431914629291
821.4656907118141
822.4305280142919
847.9088052518739
865.0010878939275
874.4904188126434
874.4975789278197
889.0742575295254
889.2476632835347
897.9615097365804
897.9636276713816
908.2026866960468
909.9584656000175
910.2393149551328
910.2821398134495
912.1680476834249
912.2386451666442
912.2589830486745
912.2672130182048
912.2994716273338
912.308913401248
912.3166452506648
912.3523986400025
912.3547391018261
912.5956485227911
912.6075633462905
912.7206562539391
915.4959478056263
915.6003998032952
915.7288559670479
915.7548812713098
922.6648938061522
922.8313178134719
929.3036025661914
935.5552761750224
938.8656910651596
963.4609430016251
965.6846356386712
965.9076585343515
975.6630211165307
985.1779563993555
985.179724415854
985.3794335945103
996.1006543086831
996.1277262463489
998.9290583322133
999.0271781739738
999.2573174502265
999.297284548211
999.4063689008535
999.4513307057437
1008.1215449522272
1009.9316812651801
1014.0463669571476
1018.6538102370654
1030.3019412272286
1030.5981881494165
1068.5138860162306
1091.9960617152997
1098.3359061923127
1115.6338895010913
1123.9513070337964
1123.9667360142753
1131.3774452890561
1131.462989701759
1144.980748740656
1149.4507211841637
1161.8380052243435
1189.0628222279129
1189.0637857486442
1189.0659329326022
1189.156291693037
1189.165451186562
1189.2273529586282
1189.35535696821
1189.3597892782843
1189.384924454996
1189.4565442073476
1189.4648006399889
1189.533509112558
1189.5459746359484
1193.6985623503447
1205.3037066664867
1206.623823611242
1206.8943899628337
1229.5292409239387
1235.7605851726894
1237.0247503874948
1256.8828607224755
1274.0399414697622
1277.8963548267764
1289.2778258904384
1294.6723028540114
1296.6635453252834
1317.4775283419738
1321.7976348554605
1348.065089367652
1351.6167894144014
1353.1998341905503
1358.5832341955065
1358.6556511135857
1360.2028913340803
1360.3462286215008
1363.7654306366005
1369.622770410965
1371.8098725332568
1395.6767835210023
1395.8470632395754
1395.8806076275268
1395.8938403992508
1395.9323101195187
1395.944118567966
1395.9677932379961
1395.9709033134327
1396.023411681652
1396.1468466285814
1400.9659986768613
1405.3624581072238
1442.213431718471
1460.6969769424509
1463.8830986979751
1468.1897554882976
1468.2488334325626
1482.0429812059533
1482.770568675761
1482.804260392562
1497.6940230997152
1507.3987776266997
1507.7202212177706
1508.603066701221
1521.8724835541518
1521.9373238324577
1533.2905257938273
1533.2985369741662
1550.2581398014945
1560.2009195632959
1566.7296432435276
1573.9966696297035
1574.006303757963
1574.2409121239366
1574.409147051877
1574.480419222101
1575.0900500444545
1575.1970947938987
1588.5253197800928
1590.4387085793117
1611.5941845269654
1611.6047007489478
1611.6071660873474
1611.6122700085555
1612.441151112319
1612.5846730168373
1636.3420536319306
1636.3573366037224
1636.3676341796997
1640.0380721870968
1640.0385009495537
1641.7178477880948
1650.1597176114385
1654.3082048717401
1684.884855145705
1742.412347584706
1746.954772571596
1746.9784444520271
1747.5198743633111
1771.6529301077694
1773.6409600699606
1774.925022717587
1774.9905774969122
1775.0153636969371
1778.145451502053
1800.507603381625
1800.5234228860888
1802.618085223941
1809.4568233394318
1809.5286451103423
1827.4053385859654
1829.1764185088864
1852.5640146172404
1870.6074168106877
1872.8633002923332
1872.9430162168883
1872.9952525948956
1875.9046317529014
1880.625120382101
1881.027893158365
1900.7402149236455
1922.6377220062454
1924.5877253276951
1924.7055970288814
1925.0012063688387
1925.7642871774485
1925.8386735413974
1940.2571566867127
1940.7312360830917
1949.076215560322
1952.8138669075115
1956.5088980418984
1956.552241807584
1956.5588846275898
1956.64477861545
1956.7249475453887
1956.7863545572252
1956.8331061961019
1960.0949479641567
1966.874171147287
1976.001886668427
1983.873386961322
1984.1613682037453
1984.2685123656433
1984.3787068221868
1984.4197505839504
1984.4477377893306
1985.702471558387
1992.9651845096264
1994.3078555240115
1994.5747015465317
1994.6051094373786
2008.9924141727265
2013.6741804662988
2038.4836181874034
2042.586769709536
2066.5890369508415
2069.124695335223
2074.3768356980086
2074.7992037529693
2078.737655082057
2078.7641692260727
2079.047799727808
2079.1974839244513
2079.276890725035
2083.2628090848693
2083.4157222636036
2083.6032897538157
2086.538826764502
2086.76263479344
2086.85499967065
2093.905872327757
2093.9517105961822
2095.8378215884322
2096.6467049557264
2098.5422049419353
2109.1686146838047
2116.1714028548695
2119.3681804204875
2119.4159547897716
2128.8434255604902
2149.5927749254
2166.825900241491
2166.8432947165056
2191.817574828207
2192.8316581293116
2206.8966129311943
2224.675761937252
2228.554539718138
2245.5508236765904
2248.9588413563138
2249.5231202109458
2249.663700736537
2270.9141680595308
2276.397111102871
2276.7925501745044
2278.367557545662
2278.883959905701
2279.3736960111646
2279.648758579163
2288.315664554831
2295.942191431381
2301.481999652764
2301.6290361517244
2301.6405667138692
2373.572282554868
2373.8448074600246
2389.563976913149
2390.083850809713
2398.562885373746
2399.5763832201487
2399.8098057993743
2426.3299262930354
2435.372411882654
2436.777146869915
2443.1016393611644
2443.1642910547002
2443.2005981790585
2443.204895425784
2443.217045774027
2443.228805262865
2443.6823936245573
2446.3002376281884
2446.3147177737937
2446.3381575772637
2446.755458062749
2446.905042996649
2451.586875568475
2453.142618721012
2456.1401509989983
2459.8704158891514
2460.3178199559666
2460.3276805068062
2460.3500401976635
2460.370586312832
2460.559498669576
2463.876656736056
2485.4247325868732
2485.8653894595873
2489.180315231494
2489.3603302171646
2489.369001596528
2489.3905924257583
2498.458753129955
2501.6705890921617
2531.0904166451264
2531.0909238110844
2533.2409120525303
2533.572519124814
2533.5946887877835
2536.2413184872476
2536.826509891893
2536.971234147677
2537.5583133546165
2538.6557412455154
2548.2452286872203
2549.018956940823
2564.136830461356
2564.7968488372603
2567.2038470304624
2581.6292031539106
2581.658734390711
2593.4025112845634
2593.496478626382
2593.520476820116
2593.540639564502
2593.5859514825065
2593.59572707433
2600.415545197591
2609.3626597846946
2609.7167133370717
2639.609313030587
2639.6097148746967
2639.611155650942
2640.5311867948467
2641.249901883166
2641.317117513273
2649.379495706858
2649.6837595156144
2650.03923554922
2671.2418430882162
2671.2546624821102
2671.2837405305795
2671.487959087051
2671.910389165336
2680.1852212963254
2685.5221858680816
2692.098944537826
2692.108673798033
2694.3165932202105
2695.378472113511
2695.4193769675608
2722.1739240668626
2736.708187666795
2736.784793188098
2743.8965499077735
2779.9769126836754
2783.181931242285
2784.723847495845
2788.818227805402
2827.867334712908
2833.898541702207
2833.906380424328
2833.9870624196938
2834.043027683594
2846.2995187470065
2853.4818938123294
2895.6323995315797
2905.884429590402
2905.933689299003
2916.9335159993807
2933.032445112754
2933.9933156416855
2936.446490635598
2945.3441415024013
2962.188677915875
2962.1934968786036
2962.2110383046042
2962.2446703546384
2962.8765738458746
2964.739645264171
2964.752122406768
2964.7724741010015
2964.9348696320408
2979.814012826805
2980.0641176617037
2998.4086295055013
3007.208064776466
3009.418150176333
3020.2662244965454
3020.3717455717774
3020.4819611585817
3020.5543088400905
3029.8046531739856
3029.876847979705
3046.032002105387
3046.149174602801
3046.6582817253884
3064.5337833109106
3085.481219687164
3088.7785054991323
3098.888121633544
3099.055341974932
3099.526578263475
3099.5298169859416
3099.628702159762
3099.7667873138184
3109.5356516120714
3115.388561800961
3115.4003619310683
3115.4256358684183
3115.6782222604916
3115.6983930534475
3116.4652586836282
3116.5003913388405
3116.54623275053
3121.8604616788275
3148.1734829303105
3165.9652772303994
3166.0976756843465
3166.319724974168
3166.416523299874
3168.5304034872584
3174.924441478191
3196.7692792020075
3196.844117644227
3196.8532467854184
3198.6035986632446
3198.6148039474115
3198.732354580088
3205.1774203519594
3205.9376164568876
3222.2911527540678
3224.419594897382
3224.7683269058457
3229.4228340845507
3229.442944850414
3229.446701953075
3229.4588999821253
3231.116031998899
3233.762557519084
3235.638776204667
3236.451045423294
3249.2930712777234
3249.3528761248294
3251.8592568998056
3266.5378777558803
3266.7383586611977
3266.8805398598606
3267.807312203177
3286.7667708981458
3293.413890008289
3293.8773387002907
3297.390053919439
3303.26969617002
3315.5118053380647
3315.541422769995
3315.8680478359397
3322.2345718733914
3336.8774673263442
3337.3065751941654
3342.480273302154
3364.9553976639927
3366.4032988844656
3367.600983498116
3378.0975225769994
3378.287187638205
3387.2576597287834
3387.71144415007
3387.7605813285136
3387.7940795540408
3391.3735280530814
3391.456129240828
3392.5608820230264
3396.7848390160825
3402.9414629798907
3410.0394478528688
3410.082279651562
3410.152253320818
3410.3423419929873
3441.6866906033006
3441.728352332335
3443.3119136765904
3449.1474023646247
3472.019929800393
3484.331198704791
3486.973418186946
3487.4771086442224
3487.488346535814
3495.235661856816
3495.375718180838
3495.5295063460762
3495.5464428064683
3495.578876498475
3495.599762534111
3496.1566991083064
3512.0309493722416
3517.271301737834
3521.454291884419
3527.4595439225864
3529.182545999915
3542.0384923069014
3547.792346481064
3556.0844630848214
3568.269210292028
3575.342935572815
3575.3534424862996
3576.887338353812
3590.0703174285172
3590.0841204347266
3590.0869062407332
3590.105137096094
3590.1825063377128
3590.845502217075
3590.851189901256
3612.759568804121
3620.8996792344988
3620.908729073328
3641.1233282396056
3644.5494724492773
3644.912841628628
3645.1370947445544
3645.141465326268
3660.465565021813
3660.6149691196415
3661.122734705153
3661.6389654305935
3661.8443445109056
3664.7616599097155
3664.7712005442586
3665.841729266603
3665.8444134923375
3669.107324402505
3669.13236783206
3669.152221627779
3669.175599844296
3678.3712953178824
3686.6868623106147
3687.9595408780474
3689.9579791079614
3691.439589050065
3697.9804016064404
3703.193634249565
3722.320891630865
3760.0992923298013
3762.305847897527
3790.3335906005905
3790.7213142291603
3795.914105723192
3796.1172039708817
3816.0386890118402
3820.8436310292964
3847.207152704697
3873.8607205248804
3880.296584117842
3881.1010454994744
3881.1478811121933
3881.332425600419
3900.133021573982
3901.29417488419
3912.933277790466
3917.614280255963
3921.3030585984247
3943.592701593031
3972.615053819279
3978.572133911516
3978.6301561445543
3978.6366176452093
3978.6726013616976
3983.607413456397
3984.156756897368
3984.2997526084555
3984.3028479730147
3987.60157900254
3987.629957560044
3994.7532784591117
4000.830055110163
4000.946770593259
4003.878786273549
4013.0309770392805
4013.0678378781113
4014.5551696665098
4025.170208865983
4027.32922043154
4027.3298184266614
4027.404078974883
4041.1374878093666
4052.3556147953727
4054.0999346137696
4055.5304084017553
4055.691857693591
4055.800454367309
4059.574545631576
4059.6194762046684
4059.967982361975
4060.290912594837
4060.3071729782605
4060.6863610375835
4060.694108315205
4060.7014239223104
4061.0318555446247
4065.350210316097
4065.362628660134
4065.617408243813
4066.4524220274006
4072.2033502367626
4072.217902539459
4072.3158074673997
4072.611859656308
4076.8469727370857
4080.7216335665275
4081.3843255123766
4084.356865282031
4088.189566781723
4088.2430721262986
4088.2480043295664
4088.4400192106873
4089.028424008308
4091.512586991331
4091.5810001532864
4091.5898573591876
4096.050409182565
4102.7405532707735
4107.737033693723
4115.69977596152
4127.192486934374
4129.100684507871
4154.5634714889275
4161.192167474691
4161.4179713994945
4161.534688682797
4161.542799534686
4161.611663477188
4161.722214669779
4161.72242312611
4161.8254575074525
4163.748002637642
4171.267416440202
4189.0170167867645
4204.671372249569
4229.462685462733
4229.483855166219
4229.5113687992125
4229.601976813068
4240.943635069332
4241.211063088767
4241.219477808801
4241.226235436981
4241.2307693629555
4241.515357767297
4242.6190630441115
4258.915443030853
4262.570609974277
4266.009644768166
4270.137439438162
4270.148299869714
4286.169081196925
4296.094193632973
4296.362063167762
4296.792050693763
4306.176018114422
4306.207632494529
4306.212244844197
4311.63239013768
4312.339534995467
4312.352959326106
4312.74784395487
4312.889226930758
4315.184214482272
4315.558812309785
4315.605039087585
4315.646598091986
4322.551686192096
4324.675354238511
4370.10610889085
4370.127817185729
4370.153753842038
4370.1548610726095
4370.242107098689
4370.251982780592
4377.581938937776
4378.571932028644
4378.687932464181
4392.700473485506
4397.9016444437
4397.985184790953
4398.043825384675
4398.6922445005375
4400.081244082965
4400.499282565066
4413.450074747272
4413.800001948001
4413.928552003029
4416.471459928995
4427.925953780034
4447.346954118689
4447.370895278848
4459.2486847047785
4459.278913566841
4459.2885921757625
4460.005245140811
4460.027818554536
4460.034131668755
4460.08171590126
4460.616615734015
4461.862789575819
4468.261538082107
4472.957880289667
4476.435871446462
4476.445075395679
4476.569835130878
4476.603152044631
4476.6089022463775
4484.240377696549
4484.2560537291465
4484.411461691222
4484.420405077869
4488.442643909103
4491.076356249456
4495.315332170419
4496.195760133517
4506.349547681618
4515.387229086649
4527.2477266665355
4560.166368400784
4561.574985671743
4561.594784894595
4561.5988883287
4561.621065860693
4576.285398104877
4576.496497225272
4576.5799723423215
4576.798348313245
4593.391000000156
4597.737916286371
4603.818724280217
4603.860681119035
4609.257883810195
4610.156717046638
4610.21611414753
4616.604377836372
4617.061715719583
4619.959284110306
4619.988302139144
4640.116758882235
4646.159400036483
4646.169859656102
4647.291989436584
4647.508120136618
4675.260498546372
4690.014490782394
4695.030033992514
4728.869819784763
4746.989535230078
4748.773121307649
4749.335535047078
4752.372988718296
4752.462143842795
4770.670110251269
4770.705359433548
4770.741863367946
4770.908725990336
4770.958232227472
4771.111973293534
4771.13074001561
4771.21275685749
4771.3024145549725
4771.458090826751
4771.465312126738
4771.828333256563
4771.9308404302865
4772.008944840591
4799.349617860614
4799.720415768727
4799.735697784895
4806.433765094898
4806.519319092461
4807.876804691393
4807.925999169483
4825.176420406644
4841.906086664318
4851.547714850091
4855.93091716619
4855.93571403526
4855.979546984226
4855.979864834384
4855.982864858701
4855.998952414751
4859.295627059939
4860.9334443697235
4895.104009316233
4896.304108161803
4900.37560376257
4900.404007591066
4903.190550322398
4907.003925911243
4907.059669722856
4907.50495579994
4908.770531161702
4909.418600144937
4909.563279495848
4909.56795764633
4909.574281896465
4911.413124474159
4924.891014016872
4926.852701416745
4926.897532396265
4926.956234998426
4926.958254357223
4939.869501900141
4939.925473369273
4940.010474910552
4941.38869618141
4949.668269905734
4949.782320988269
4949.805146068824
4966.494868293951
4966.565877210981
4977.98853707875
4978.002422465623
4978.008828705333
4979.914842755623
4980.365088004169
4984.775636431179
4984.857416162422
4992.590178766849
4994.4188081639795
4994.769779409741
4996.765645386035
4998.601860349108
